goodNeurons{1} = [1 4 6 7 8 11 12 13 14 16 17 19 20 21 23 24 25 26 27 29 30 31 32];
% % 170127
goodNeurons{2} = [1 2 4 5 6 7 8 9 12 14 15 16 17 19 20 23 24 25 26 29 30 31 32];
% % 170130
goodNeurons{3} = [1 5 7 8 10 12 13 27 30 32];
% % 170201
goodNeurons{4} = [3 4 5 7 11 12 15 17 18 23 28 30];
% % 170211
goodNeurons{5} = [9 15 18 20 24 28 30 31 32 34 37 38 39 42 43 44 45 46 47 48 52 54 55 58 60 62 63 64];
% % 170308
goodNeurons{6} = [2 3 5 8 9 11 13 17 20 22 25 26 32 33 36 38 42 43 50 54 55 56 57 58];
% % 170311

nIndices = goodNeurons{nday};